157828.90112150062
730.0930151874217
424.50411901266534
-2330.1880702783305
3551.067697865839
-506.3406310933815
0.0
155.52671969303714
301.9304746118191
602.2815766495554
-2565.65280174939
-2601.228077592847
-5546.361262028128
-4156.167252345001
-2335.804699763712
1333.6487091812521
24843.85476279048
1489.718108743692
0.0
-1051.5545775846024
-1316.0856580234727
-467.387112076159
-2007.2572905350657
-7233.263728062634
-1510.65107446137
-3745.591088334132
-1834.8471820921652
-516.6279482374739
1252.8435423746503
-3674.628548358171
-663.591234634932
296.0041335181587
-1773.6238061099752
115.5941441161467
9498.81738575508
-1307.0999933914334
-1014.0252113449054
-333.9569136190575
-1432.0494534454617
-754.3392152105774
2520.078583157002
-144.4684420186632
-202.51394566195532
2911.594881726594
1710.8414705985153
2294.396277303756
-1287.9080035071304
2575.123301348152
-261.2779824164875
670.2734380244342
-1073.500633325567
92.61881532892227
-1079.4000758616028
-2129.697049496799
379.97778823721006
5929.095691667576
-1793.052013586437
1219.2020162095278
871.2158764038769
-222.64326450064337
-351.2757331520636
972.8766927104086
-985.1902675545475
-794.5222357769845
-1902.1740006808088
-1661.418820861207
3669.8444119641686
4450.776117962801
6027.782354953221
-6328.085622088352
-4189.309776478718
-5750.319653328756
122.19895312895886
964.7603503173412
-1070.0945906170864
1147.735668582819
228.14906524592428
-422.84568759503605
-2428.4316802035814
332.6306136247833
3232.59023337811
-3390.635537841945
-696.5973223089795
-1616.7104373315287
-4564.3640896012885
-3316.0040734227155
-2162.014812501126
-5478.837182887727
-2904.3179792590495
-532.1617370904114
-1086.9397407611502
-133.79659864746898
291.99974474547645
-527.134982430324
-1734.440384003906
233.43582402610247
-1240.1434124939078
-744.5364500777928
-3331.289977561632
-2203.172573087711
-2992.134729330344
-2561.1895645011036
-2780.839964096563
-1456.9674163552504
-9724.543534360473
-3294.594297933893
-2903.142135862248
-1769.2576029562745
856.0423021454777
-1658.0437829231262
-14.103207659721855
1030.8872874689614
1667.1806300728656
-158.3656859291272
736.1687687834875
378.6263367752249
-94.09603751264046
2371.9606869986155
226.9283888543988
308.56781910381784
679.3214384200071
1035.4137377200793
319.4980385034326
16.562627413272025
228.8119650621242
671.3366629117395
-416.3381228496431
499.5222563707316
-36.29144258629114
1407.7674225730993
-429.80958473021764
-2250.2001085192965
-111.51152614377041
-519.5256171756564
-1268.9805248633745
-159.53072002550724
1837.869977976447
1010.2450256975669
-199.5900497813048
-1450.6377782812133
-23.134264863381773
56.18701837932456
-2764.4744912358715
-1926.7839580551772
-1492.7353727662214
-1463.3099520221065
3177.676753478316
528.3398168695966
2353.2932728250303
-332.8949978349767
-151.3137798534632
-143.54302785071152
-1813.0737781499406
-1484.3548056184893
-218.4488357664743
-169.8244823953905
-54.82559946158894
1261.2851092654
-373.092680355378
1129.0860381548773
1721.7287564111389
-896.401101470046
-3445.3533866819885
60.923646100903696
-3096.4636043626006
918.8953386538108
164.79985874509714
-33.95159921397249
0.0
-1863.8533260713914
-3341.2260758562675
415.9580148872696
-369.3869942323148
586.0289353657353
241.35226256885514
-102.3230110022401
0.0
-33.3979874483915
-7741.314477234636
-4046.5312824589087
28.506431138672145
0.0
-430.8309380618733
1018.7173375220945
968.7144927324888
468.7533005563888
2380.8075565667496
-2276.787150300805
3469.7620307576376
-1826.091421611093
4217.166137309039
-703.5846837158012
-2154.046312268826
11666.568671290877
-415.91305847429174
1003.3476798414786
-1460.0458725290084
0.0
2933.2751102740654
2359.180150246155
-475.97512375501185
759.2358363007537
3564.2461808640933
-426.6138310910565
-104.561643563553
3004.3519226283015
-2576.3115215539638
-2368.058256354375
-1469.2672407658292
-1137.9947725337856
-3713.558198804016
-1695.2505660523789
-547.0143698533901
82.45403046945287
-4261.574580192045
-6123.733793288033
-1312.9629696065113
-3731.3519761638877
5744.193723972397
4708.565017005954
716.6981181196354
1160.024513151003
-1490.973155710766
-955.8941847698941
-1243.9696140972485
-2261.518346521975
-794.5239542846466
-3466.9921125833553
-231.635163939833
-596.9890494918909
-479.43406038414514
-2642.2312786579537
-556.362139618011
-2950.133791398712
-2228.929201544846
-2439.3192371993578
-3798.450913200434
-1.4905383898342848
-3661.6723847686217
-152.91802288132067
-33.95159921397229
-315.30016063215544
2680.1123988118966
-961.2686130922698
-1069.3492549459024
-246.00260658392577
-1207.1079731110813
-4907.022533778301
-3910.8124068617763
-1527.5853000331965
-2744.06672982078
416.09078087778266
-179.4795671219654
4978.20517856809
-2998.113895163339
3079.891090982694
69.07486715159018
-2537.281149388637
78636.1593831015
8416.594000404399
-2836.1754257606785
1447.5079401452515
3515.813686888948
-2549.584856058276
